accuracy: 0.9833333333333333
precision: 0.9837828309536402
recall: 0.9833333333333334
f1_score: 0.9832336896420354
