accuracy: 0.6666666666666666
precision: 0.6618401206636501
recall: 0.6666666666666666
f1_score: 0.6625
