accuracy: 0.7111111111111111
precision: 0.719551282051282
recall: 0.7111111111111111
f1_score: 0.7135176651305684
