accuracy: 0.6444444444444445
precision: 0.6462719298245614
recall: 0.6444444444444444
f1_score: 0.6356483238456673
