accuracy: 0.9944444444444445
precision: 0.9945355191256832
recall: 0.9944444444444445
f1_score: 0.9944440586151817
