accuracy: 0.6222222222222222
precision: 0.6193181818181818
recall: 0.6222222222222222
f1_score: 0.615234228137454
