accuracy: 0.6888888888888889
precision: 0.6863095238095238
recall: 0.6888888888888888
f1_score: 0.6871338524286245
