accuracy: 0.8
precision: 0.8028846153846154
recall: 0.7999999999999999
f1_score: 0.7995391705069125
