accuracy: 0.9888888888888889
precision: 0.9890710382513661
recall: 0.9888888888888889
f1_score: 0.9888406406125975
