accuracy: 0.8222222222222222
precision: 0.8325163398692811
recall: 0.8222222222222223
f1_score: 0.8226802070888093
