accuracy: 0.9888888888888889
precision: 0.989247311827957
recall: 0.9888888888888889
f1_score: 0.9888858016115588
