accuracy: 0.6666666666666666
precision: 0.6821895424836603
recall: 0.6666666666666666
f1_score: 0.6703006770211072
