accuracy: 0.9722222222222222
precision: 0.9724703968629488
recall: 0.9722222222222223
f1_score: 0.9720260420707515
