accuracy: 0.8222222222222222
precision: 0.8217338217338218
recall: 0.8222222222222223
f1_score: 0.8178086281534558
