accuracy: 0.9777777777777777
precision: 0.9778594309402675
recall: 0.9777777777777779
f1_score: 0.977681281225195
