accuracy: 0.8444444444444444
precision: 0.8455433455433455
recall: 0.8444444444444444
f1_score: 0.8407971339005821
