accuracy: 0.8222222222222222
precision: 0.8218253968253969
recall: 0.8222222222222223
f1_score: 0.821381782227166
