accuracy: 0.7912004828561674
precision: 0.7959018053801992
recall: 0.7911727392449517
