accuracy: 0.9763491332286144
precision: 0.9782537735495715
recall: 0.9763475486697611
