accuracy: 0.7768774703557313
precision: 0.7767857142857143
recall: 0.7822089947089947
