accuracy: 0.6539525691699605
precision: 0.656547619047619
recall: 0.664378306878307
