accuracy: 0.8260869565217391
precision: 0.8273809523809524
recall: 0.8523809523809524
