accuracy: 0.5454545454545454
precision: 0.5416666666666666
recall: 0.5268518518518519
