accuracy: 0.8817733990147784
precision: 0.8835913835913836
recall: 0.8816944688323091
