accuracy: 0.5652173913043478
precision: 0.5714285714285715
recall: 0.5601851851851852
