accuracy: 0.8719211822660099
precision: 0.8728899130074564
recall: 0.8718173836698858
