accuracy: 0.8514851485148515
precision: 0.8521959459459459
recall: 0.8516242317822651
