accuracy: 0.9950738916256158
precision: 0.9951690821256038
recall: 0.9950248756218905
