accuracy: 0.8181818181818182
precision: 0.8154761904761906
recall: 0.8194444444444445
