accuracy: 0.8636363636363636
precision: 0.8630952380952381
recall: 0.8690476190476191
