accuracy: 0.7391304347826086
precision: 0.7440476190476191
recall: 0.7440476190476191
