accuracy: 0.8762376237623762
precision: 0.8765012762084408
recall: 0.8759877085162424
