accuracy: 0.8522167487684729
precision: 0.8521654815772463
recall: 0.8521363769388351
