accuracy: 0.782608695652174
precision: 0.7916666666666666
recall: 0.7936507936507936
