accuracy: 0.8712871287128713
precision: 0.8747472747472748
recall: 0.8714515657009073
