accuracy: 0.5
precision: 0.48809523809523814
recall: 0.48809523809523814
