accuracy: 0.8768472906403941
precision: 0.8768334025183341
recall: 0.8767925080479954
