accuracy: 0.9130434782608695
precision: 0.9166666666666666
recall: 0.9212962962962963
