accuracy: 0.7727272727272727
precision: 0.7678571428571429
recall: 0.7805555555555556
