accuracy: 0.8712871287128713
precision: 0.8716649159663866
recall: 0.8714515657009071
