accuracy: 0.8472906403940886
precision: 0.8488546849087893
recall: 0.8471612525607258
