accuracy: 0.8260869565217391
precision: 0.8333333333333334
recall: 0.8333333333333334
