accuracy: 0.7272727272727273
precision: 0.7202380952380952
recall: 0.7202380952380952
