accuracy: 0.8564356435643564
precision: 0.8581277285028545
recall: 0.8565993561603746
