accuracy: 0.6086956521739131
precision: 0.6190476190476191
recall: 0.6481481481481481
