accuracy: 0.8181818181818182
precision: 0.8095238095238096
recall: 0.8121693121693122
