accuracy: 0.5652173913043478
precision: 0.5773809523809524
recall: 0.5833333333333334
