accuracy: 0.6956521739130435
precision: 0.7083333333333334
recall: 0.7015873015873014
