accuracy: 0.5909090909090909
precision: 0.5892857142857143
recall: 0.6481481481481481
