accuracy: 0.9888888888888889
precision: 0.9889799635701274
recall: 0.9888888888888889
f1_score: 0.9888885030596261
